85,4
85,3
85,2
85,1
85,0
84,3
84,2
84,1
84,0
0,565
83,5
83,4
83,3
83,2
83,1
83,0
82,4
82,3
82,2
82,1
82,0
81,3
81,2
81,1
81,0
80,4
80,3
80,2
80,1
80,0
79,3
79,2
79,1
79,0
78,4
78,3
78,2
78,1
78,0
77,3
77,2
77,1
77,0
76,5
76,4
76,3
76,2
76,1
76,0
0,564
75,4
75,3
75,2
75,1
75,0
74,3
74,2
0,563
74,1
74,0
73,4
73,3
73,2
73,1
73,0
0,562
72,3
72,2
72,1
72,0
71,4
71,3
71,2
71,1
71,0
70,3
70,2
70,1
70,0
69,5
69,4
69,3
69,2
69,1
69,0
68,4
68,3
68,2
68,1
68,0
67,3
67,2
67,1
67,0
66,4
66,3
66,2
66,1
66,0
65,3
65,2
65,1
65,0
64,3
64,2
0,561
64,1
64,0
0,560
63,5
63,4
63,3
63,2
63,1
63,0
62,4
62,3
62,2
62,1
62,0
61,3
61,2
61,1
61,0
60,4
60,3
60,2
60,1
60,0
59,3
59,2
59,1
59,0
0,559
0,558
58,3
58,2
58,1
58,0
57,5
57,4
57,3
57,2
57,1
57,0
56,4
56,3
56,2
56,1
56,0
55,3
55,2
55,1
55,0
54,4
0,557
0,556
54,3
54,2
54,1
54,0
53,3
53,2
53,1
53,0
0,555
0,554
0,553
0,552
52,3
52,2
52,1
52,0
51,5
51,4
51,3
51,2
51,1
51,0
50,4
50,3
50,2
50,1
50,0
0,551
49,3
49,2
49,1
49,0
48,4
48,3
48,2
48,1
48,0
47,3
47,2
47,1
47,0
0,310
0,305
0,308
0,307
0,302
0,304
0,303
0,12
0,10
0,8
0,0
0,507
0,426
0,300
0,425
0,299
0,506
0,427
0,298
0,505
0,423
0,297
0,504
0,422
0,296
0,503
0,424
0,295
0,540
0,420
0,294
0,502
0,419
0,293
0,501
0,421
0,292
0,500
0,417
0,291
0,539
0,416
0,290
0,499
0,418
0,289
0,498
0,414
0,288
0,497
0,413
0,287
0,496
0,415
0,286
0,538
0,411
0,285
0,410
0,284
0,412
0,283
0,495
0,407
0,282
0,406
0,281
0,493
0,409
0,280
0,492
0,491
0,279
0,490
0,489
0,278
0,488
0,487
0,277
0,537
0,276
0,486
0,275
0,485
0,405
0,274
0,484
0,404
0,273
0,272
0,483
0,403
0,271
0,401
0,270
0,400
0,269
0,482
0,402
0,268
0,399
0,398
0,267
0,481
0,397
0,266
0,396
0,395
0,265
0,394
0,393
0,264
0,392
0,391
0,263
0,390
0,389
0,262
0,480
0,261
0,388
0,260
0,387
0,259
0,536
0,386
0,258
0,535
0,479
0,257
0,478
0,384
0,256
0,477
0,383
0,255
0,476
0,385
0,254
0,382
0,381
0,253
0,380
0,379
0,252
0,378
0,377
0,251
0,376
0,375
0,250
0,374
0,373
0,249
0,372
0,371
0,248
0,550
0,475
0,247
0,474
0,370
0,246
0,533
0,369
0,245
0,534
0,368
0,244
0,549
0,531
0,242
0,530
0,367
0,241
0,532
0,366
0,240
2,3
1,0
1,1
0,243
0,408
0,494
3,1
16,0
16,1
16,3
17,0
17,2
17,3
18,0
18,2
18,3
19,1
19,2
19,4
20,1
20,2
20,4
20,5
21,1
21,2
43,0
43,2
43,3
44,1
44,2
44,4
45,1
45,2
45,4
45,5
46,1
46,2
46,4
46,3
46,0
45,3
45,0
44,3
44,0
43,1
21,3
21,0
20,3
20,0
19,3
19,0
18,1
17,4
17,1
16,2
3,3
3,0
0,322
1,3
2,1
2,0
0,9
0,528
0,365
0,239
0,527
0,364
0,238
0,529
0,363
0,237
0,461
0,362
0,236
0,460
0,361
0,235
0,526
0,360
0,234
0,524
0,359
0,233
0,523
0,358
0,232
0,525
0,357
0,231
0,521
0,356
0,230
0,520
0,355
0,229
0,522
0,354
0,228
0,473
0,353
0,227
0,459
0,352
0,226
0,458
0,351
0,225
0,519
0,350
0,224
0,518
0,349
0,223
0,548
0,348
0,222
0,472
0,457
0,221
0,456
0,347
0,220
0,471
0,346
0,219
0,455
0,345
0,218
0,344
0,217
0,470
0,216
0,469
0,454
0,215
0,468
0,343
0,214
0,453
0,342
0,213
0,452
0,341
0,212
0,340
0,211
0,547
0,451
0,210
0,467
0,450
0,209
0,449
0,339
0,208
0,466
0,338
0,207
0,465
0,337
0,206
0,546
0,336
0,205
0,545
0,448
0,204
0,544
0,335
0,203
0,447
0,334
0,202
0,517
0,333
0,201
0,446
0,332
0,200
0,516
0,445
0,199
0,543
0,444
0,198
0,515
0,331
0,197
0,464
0,330
0,196
0,463
0,329
0,195
0,462
0,328
0,194
0,443
0,327
0,193
0,442
0,326
0,192
0,441
0,325
0,63
0,541
0,324
0,62
0,542
0,323
0,61
0,513
0,321
0,60
0,512
0,440
0,59
0,514
0,320
0,58
0,439
0,319
0,57
0,511
0,318
0,56
0,510
0,317
0,55
0,509
0,438
0,54
0,508
0,437
0,53
0,435
0,316
0,52
0,434
0,315
0,51
0,436
0,314
0,50
0,432
0,313
0,49
0,431
0,312
0,48
0,433
0,311
0,47
0,429
0,309
0,46
0,428
0,306
0,45
0,430
0,301
0,6
0,5
0,1
0,11
0,4
0,2
0,3
0,7
