218,10
0,310
0,305
0,308
0,307
0,302
0,304
0,303
0,12
0,10
0,8
0,0
0,507
0,391
0,300
0,564
0,381
0,299
0,506
0,298
0,505
0,342
0,297
0,504
0,474
0,296
0,503
0,558
0,295
0,540
0,393
0,294
0,502
0,574
0,293
0,501
0,390
0,292
0,500
0,553
0,291
0,539
0,426
0,290
0,499
0,385
0,289
0,498
0,420
0,288
0,497
0,378
0,287
0,496
0,384
0,286
0,538
0,518
0,285
0,557
0,545
0,284
0,563
0,346
0,283
0,495
0,319
0,282
0,556
0,428
0,281
0,493
0,569
0,280
0,492
0,565
0,279
0,490
0,510
0,278
0,398
0,487
0,277
0,423
0,537
0,276
0,334
0,486
0,275
0,485
0,514
0,274
0,484
0,273
0,561
0,524
0,272
0,573
0,403
0,271
0,562
0,516
0,270
0,560
0,548
0,269
0,482
0,422
0,268
0,399
0,341
0,267
0,481
0,544
0,266
0,513
0,395
0,265
0,394
0,441
0,264
0,392
0,525
0,263
0,469
0,389
0,262
0,571
0,480
0,261
0,468
0,388
0,260
0,521
0,387
0,259
0,541
0,386
0,258
0,523
0,479
0,257
0,478
0,256
0,477
0,435
0,255
0,476
0,421
0,254
0,382
0,418
0,253
0,380
0,458
0,252
0,401
0,377
0,251
0,376
0,449
0,250
0,374
0,555
0,249
0,546
0,371
0,248
0,550
0,522
0,247
0,512
0,370
0,246
0,427
0,369
0,245
0,552
0,368
0,244
0,549
0,475
0,242
0,375
0,367
0,241
0,532
0,366
0,240
0,419
0,434
0,436
0,459
0,494
0,530
0,542
0,559
1,1
2,0
2,1
2,3
2,4
3,0
3,1
43,0
43,2
43,3
44,1
44,2
44,4
45,1
45,2
45,4
45,5
46,1
46,2
46,4
93,1
93,3
94,0
94,1
141,0
141,2
141,3
142,1
142,2
142,4
143,1
143,2
144,0
144,1
144,3
144,4
145,1
145,3
145,4
146,1
146,2
146,4
214,0
214,1
214,3
216,0
216,2
216,3
217,1
217,3
217,4
218,1
218,2
218,4
218,6
218,7
218,9
219,0
219,2
219,3
220,0
220,2
220,3
223,0
223,1
223,3
223,5
226,0
226,2
226,3
226,5
226,4
226,1
223,4
223,2
220,4
220,1
219,4
219,1
218,8
218,5
218,3
218,0
217,2
217,0
216,1
214,2
146,5
146,3
146,0
145,2
145,0
144,2
143,3
143,0
142,3
142,0
141,1
94,3
93,4
93,0
46,3
46,0
45,3
45,0
44,3
44,0
43,1
3,3
2,5
2,2
1,3
1,0
0,533
0,461
0,446
0,424
0,408
0,405
0,404
0,397
0,379
0,322
0,243
0,9
0,536
0,365
0,239
0,551
0,364
0,238
0,547
0,363
0,237
0,543
0,362
0,236
0,433
0,361
0,235
0,509
0,360
0,234
0,400
0,359
0,233
0,456
0,358
0,232
0,535
0,357
0,231
0,373
0,356
0,230
0,425
0,355
0,229
0,520
0,354
0,228
0,463
0,353
0,227
0,416
0,352
0,226
0,432
0,351
0,225
0,417
0,350
0,224
0,442
0,349
0,223
0,460
0,348
0,222
0,570
0,457
0,221
0,528
0,347
0,220
0,471
0,410
0,219
0,455
0,415
0,218
0,327
0,344
0,217
0,568
0,470
0,216
0,529
0,454
0,215
0,383
0,343
0,214
0,453
0,473
0,213
0,452
0,328
0,212
0,333
0,340
0,211
0,489
0,451
0,210
0,467
0,575
0,209
0,515
0,339
0,208
0,413
0,338
0,207
0,414
0,337
0,206
0,412
0,336
0,205
0,465
0,448
0,204
0,372
0,335
0,203
0,447
0,527
0,202
0,517
0,567
0,201
0,429
0,332
0,200
0,431
0,445
0,199
0,488
0,444
0,198
0,464
0,331
0,197
0,411
0,330
0,196
0,409
0,329
0,195
0,462
0,345
0,194
0,443
0,193
0,572
0,326
0,192
0,325
0,63
0,406
0,324
0,62
0,407
0,323
0,61
0,430
0,321
0,60
0,554
0,440
0,59
0,450
0,320
0,58
0,439
0,402
0,57
0,511
0,472
0,56
0,531
0,317
0,55
0,508
0,438
0,54
0,519
0,437
0,53
0,526
0,316
0,52
0,315
0,51
0,318
0,314
0,50
0,491
0,313
0,49
0,396
0,312
0,48
0,466
0,311
0,47
0,566
0,309
0,46
0,483
0,306
0,45
0,534
0,301
0,6
0,5
0,1
0,11
0,4
0,2
0,3
0,7
